 18-Mar-2012    Flux_IR5.m
Integrated particle flux (gC m^{-2} d^{-1})
depth(m)
 
+++++++++++++
IR5_ParticleSizeSpectra.xlsx
 
    depth             flux

ans =

  Columns 1 through 11

    2.6576    2.6576    2.7472    2.7472    2.9264    2.9264    3.2848    3.4640    3.4640    3.5536    3.5536

  Columns 12 through 22

    3.6432    3.8224    4.0016    4.0912    4.1808    4.3600    4.5392    4.5392    4.5392    4.8976    5.2560

  Columns 23 through 33

    5.2560    5.4352    5.8832    6.1520    6.3312    6.6000    6.6896    6.7792    7.2272    7.9440    7.9440

  Columns 34 through 44

    8.0336    8.1232    8.3920    9.1088    9.1984    9.2880    9.7360    9.8256   10.0944   10.1840   10.5424

  Columns 45 through 55

   10.9008   11.1696   11.2592   11.2592   11.3488   11.3488   11.3488   11.4384   11.4384   11.4384   11.4384

  Columns 56 through 66

   11.5280   11.5280   14.0368   15.8295   17.1738   18.9658   20.8474   22.7290   23.9834   24.7898   25.6858

  Columns 67 through 77

   28.8218   30.2554   31.4202   32.8538   34.3770   35.4522   37.0650   38.2298   39.5748   41.6356   43.9652

  Columns 78 through 88

   46.2948   48.0868   49.7892   51.9396   53.6420   55.7028   58.2116   60.1837   62.4238   64.2158   66.0078

  Columns 89 through 99

   68.5166   70.8462   72.9070   74.5198   76.9390   79.0003   80.7032   82.1368   84.4664   86.7064   88.4984

  Columns 100 through 110

   90.6488   93.1576   95.3080   97.1901  100.0578  102.3874  104.1794  106.5090  108.6594  110.8994  113.1394

  Columns 111 through 121

  115.7385  118.2476  120.6668  122.7276  124.8780  127.5660  129.7164  131.6884  134.1078  136.5270  138.4982

  Columns 122 through 132

  139.9318  142.9782  145.7558  147.7277  149.7888  152.1184  154.7168  156.9568  159.1072  160.9888  163.1400

  Columns 133 through 143

  165.1114  167.1722  168.9642  171.9210  173.9818  176.0428  178.4628  181.0612  183.0324  185.5412  187.8708

  Columns 144 through 154

  190.0213  192.3517  194.5918  196.2942  198.4446  200.7742  202.7454  204.8964  207.2264  209.1976  210.8104

  Columns 155 through 165

  213.8568  216.0968  217.7099  219.6818  222.4594  224.3410  226.1330  228.7314  231.3307  233.0332  235.0940

  Columns 166 through 176

  237.2444  239.0364  241.4556  243.6964  245.9366  248.1766  249.8790  252.0294  253.8214  255.6138  258.6608

  Columns 177 through 187

  260.5424  262.9616  265.2912  267.3526  269.5034  272.1914  274.7898  276.7610  279.0015  281.4212  283.9300

  Columns 188 through 198

  286.6180  288.6788  291.0989  293.8766  295.8478  297.9982  300.4174  302.2104  303.4648  305.2568  307.2280

  Columns 199 through 209

  309.2888  310.8120  312.4253  314.9346  317.1746  318.5186  320.5794  322.3716  324.5228  326.0460  328.6444

  Columns 210 through 220

  330.8844  332.4079  334.2902  336.2614  338.4118  340.1142  342.2647  344.6848  346.7456  348.5376  350.3296

  Columns 221 through 231

  352.5699  354.6314  356.8714  358.9322  360.9930  362.7852  364.4884  366.2804  368.3412  370.3124  372.8216

  Columns 232 through 242

  374.7934  377.0334  379.0942  380.7070  382.4997  385.0984  387.1592  388.9512  391.0121  393.4322  395.3138

  Columns 243 through 253

  396.9266  399.3458  401.9452  403.6476  405.5292  407.5004  409.1133  411.0854  413.0566  415.5654  417.3574

  Columns 254 through 264

  419.1500  420.7632  422.7344  424.8848  426.3184  428.6489  431.2474  433.2186  435.2794  437.0721  439.0436

  Columns 265 through 275

  441.0148  443.2548  445.1367  447.3774  449.6174  451.2302  453.3810  455.3528  457.9512  459.8328  461.3563

  Columns 276 through 286

  464.1346  466.0162    0.1728    0.2053    0.2315    0.0696    0.1943    0.0690    0.1149    0.1437    0.0942

  Columns 287 through 297

    0.0429    0.0248    0.1281    0.0782    0.0882    0.0968    0.1017    0.0670    0.0491    0.0605    0.1667

  Columns 298 through 308

    0.1315    0.0062    0.0460    0.1656    0.0182    0.0426    0.1280    0.1273    0.0449    0.0576    0.0861

  Columns 309 through 319

    0.0224    0.0825    0.0990    0.1077    0.0062    0.1246    0.1132    0.0120         0    0.0605    0.1876

  Columns 320 through 330

    0.1246    0.0062    0.1374    0.1580    0.1862    0.1824    0.0908    0.0932    0.0644    0.2022    0.1005

  Columns 331 through 341

    0.1262    0.0658    0.1722    0.1404    0.1573    0.1722    0.1029    0.1207    0.1602    0.1968    0.2297

  Columns 342 through 352

    0.2223    0.1508    0.1147    0.1838    0.1297    0.2339    0.0975    0.0968    0.1230    0.1228    0.2555

  Columns 353 through 363

    0.1089    0.1813    0.1056    0.0709    0.2049    0.1089    0.2009    0.1845    0.1581    0.1386    0.2180

  Columns 364 through 374

    0.1960    0.1800    0.2857    0.2803    0.1666    0.1314    0.2637    0.2272    0.3098    0.2026    0.2588

  Columns 375 through 385

    0.1775    0.2226    0.2343    0.1907    0.1778    0.1732    0.2353    0.2113    0.1671    0.1240    0.2071

  Columns 386 through 396

    0.1206    0.2838    0.1997    0.2995    0.2345    0.2387    0.2268    0.1098    0.2837    0.3010    0.2794

  Columns 397 through 407

    0.3121    0.2355    0.2090    0.2400    0.2729    0.2601    0.1818    0.2391    0.1287    0.1904    0.2218

  Columns 408 through 418

    0.1788    0.1173    0.2523    0.2224    0.2924    0.2490    0.2508    0.2456    0.1841    0.1259    0.1862

  Columns 419 through 429

    0.2859    0.2360    0.2159    0.1773    0.2899    0.2398    0.2067    0.1538    0.0861    0.2314    0.1743

  Columns 430 through 440

    0.2073    0.2141    0.2526    0.2006    0.2385    0.3334    0.3059    0.0799    0.2138    0.1794    0.1424

  Columns 441 through 451

    0.2276    0.0884    0.1171    0.1586    0.1875    0.1059    0.3450    0.1583    0.1158    0.2136    0.1854

  Columns 452 through 462

    0.1583    0.2078    0.1717    0.1431    0.2293    0.1549    0.1633    0.1374    0.1377    0.2547    0.1634

  Columns 463 through 473

    0.1539    0.1794    0.1658    0.1198    0.2252    0.1279    0.1399    0.1572    0.2267    0.1387    0.2318

  Columns 474 through 484

    0.1087    0.1777    0.0662    0.1452    0.1484    0.0777    0.0732    0.1615    0.0623    0.1689    0.0931

  Columns 485 through 495

    0.1396    0.1835    0.1320    0.1095    0.1303    0.1543    0.1402    0.1313    0.1922    0.2328    0.2013

  Columns 496 through 506

    0.0514    0.1711    0.2218    0.1216    0.2171    0.2255    0.1646    0.1681    0.1308    0.2273    0.1884

  Columns 507 through 517

    0.2342    0.2437    0.2122    0.1817    0.1746    0.1851    0.0930    0.1218    0.1606    0.2157    0.2907

  Columns 518 through 528

    0.2810    0.1687    0.1266    0.1405    0.1659    0.0691    0.1659    0.0821    0.0672    0.2655    0.1579

  Columns 529 through 539

    0.1796    0.1473    0.1631    0.1845    0.1977    0.0852    0.1156    0.1507    0.1133    0.1591    0.1003

  Columns 540 through 550

    0.1021    0.1679    0.1166    0.1400    0.1352    0.1356    0.1314    0.0998    0.1506    0.1455    0.1090

  Columns 551 through 554

    0.0916    0.1207    0.1269    0.0708

