 18-Mar-2012    Flux_IR5.m
Integrated particle flux (gC m^{-2} d^{-1})
depth(m)
 
+++++++++++++
IR5_ParticleSizeSpectra.xlsx
 
    depth             flux

ans =

  Columns 1 through 11

    2.6576    2.6576    2.7472    2.7472    2.9264    2.9264    3.2848    3.4640    3.4640    3.5536    3.5536

  Columns 12 through 22

    3.6432    3.8224    4.0016    4.0912    4.1808    4.3600    4.5392    4.5392    4.5392    4.8976    5.2560

  Columns 23 through 33

    5.2560    5.4352    5.8832    6.1520    6.3312    6.6000    6.6896    6.7792    7.2272    7.9440    7.9440

  Columns 34 through 44

    8.0336    8.1232    8.3920    9.1088    9.1984    9.2880    9.7360    9.8256   10.0944   10.1840   10.5424

  Columns 45 through 55

   10.9008   11.1696   11.2592   11.2592   11.3488   11.3488   11.3488   11.4384   11.4384   11.4384   11.4384

  Columns 56 through 66

   11.5280   11.5280   14.0368   15.8295   17.1738   18.9658   20.8474   22.7290   23.9834   24.7898   25.6858

  Columns 67 through 77

   28.8218   30.2554   31.4202   32.8538   34.3770   35.4522   37.0650   38.2298   39.5748   41.6356   43.9652

  Columns 78 through 88

   46.2948   48.0868   49.7892   51.9396   53.6420   55.7028   58.2116   60.1837   62.4238   64.2158   66.0078

  Columns 89 through 99

   68.5166   70.8462   72.9070   74.5198   76.9390   79.0003   80.7032   82.1368   84.4664   86.7064   88.4984

  Columns 100 through 110

   90.6488   93.1576   95.3080   97.1901  100.0578  102.3874  104.1794  106.5090  108.6594  110.8994  113.1394

  Columns 111 through 121

  115.7385  118.2476  120.6668  122.7276  124.8780  127.5660  129.7164  131.6884  134.1078  136.5270  138.4982

  Columns 122 through 132

  139.9318  142.9782  145.7558  147.7277  149.7888  152.1184  154.7168  156.9568  159.1072  160.9888  163.1400

  Columns 133 through 143

  165.1114  167.1722  168.9642  171.9210  173.9818  176.0428  178.4628  181.0612  183.0324  185.5412  187.8708

  Columns 144 through 154

  190.0213  192.3517  194.5918  196.2942  198.4446  200.7742  202.7454  204.8964  207.2264  209.1976  210.8104

  Columns 155 through 165

  213.8568  216.0968  217.7099  219.6818  222.4594  224.3410  226.1330  228.7314  231.3307  233.0332  235.0940

  Columns 166 through 176

  237.2444  239.0364  241.4556  243.6964  245.9366  248.1766  249.8790  252.0294  253.8214  255.6138  258.6608

  Columns 177 through 187

  260.5424  262.9616  265.2912  267.3526  269.5034  272.1914  274.7898  276.7610  279.0015  281.4212  283.9300

  Columns 188 through 198

  286.6180  288.6788  291.0989  293.8766  295.8478  297.9982  300.4174  302.2104  303.4648  305.2568  307.2280

  Columns 199 through 209

  309.2888  310.8120  312.4253  314.9346  317.1746  318.5186  320.5794  322.3716  324.5228  326.0460  328.6444

  Columns 210 through 220

  330.8844  332.4079  334.2902  336.2614  338.4118  340.1142  342.2647  344.6848  346.7456  348.5376  350.3296

  Columns 221 through 231

  352.5699  354.6314  356.8714  358.9322  360.9930  362.7852  364.4884  366.2804  368.3412  370.3124  372.8216

  Columns 232 through 242

  374.7934  377.0334  379.0942  380.7070  382.4997  385.0984  387.1592  388.9512  391.0121  393.4322  395.3138

  Columns 243 through 253

  396.9266  399.3458  401.9452  403.6476  405.5292  407.5004  409.1133  411.0854  413.0566  415.5654  417.3574

  Columns 254 through 264

  419.1500  420.7632  422.7344  424.8848  426.3184  428.6489  431.2474  433.2186  435.2794  437.0721  439.0436

  Columns 265 through 275

  441.0148  443.2548  445.1367  447.3774  449.6174  451.2302  453.3810  455.3528  457.9512  459.8328  461.3563

  Columns 276 through 286

  464.1346  466.0162    0.2435    0.2903    0.3041    0.0960    0.2608    0.0953    0.1559    0.1779    0.1236

  Columns 287 through 297

    0.0545    0.0282    0.1745    0.0995    0.1091    0.1297    0.1241    0.0818    0.0546    0.0734    0.2191

  Columns 298 through 308

    0.1571    0.0065    0.0546    0.2175    0.0199    0.0548    0.1557    0.1625    0.0596    0.0850    0.1036

  Columns 309 through 319

    0.0295    0.1117    0.1360    0.1379    0.0065    0.1644    0.1553    0.0133         0    0.0819    0.2437

  Columns 320 through 330

    0.1577    0.0065    0.1810    0.2046    0.2494    0.2313    0.1238    0.1294    0.0919    0.2582    0.1307

  Columns 331 through 341

    0.1593    0.0865    0.2326    0.1955    0.2031    0.2139    0.1276    0.1541    0.2024    0.2628    0.2980

  Columns 342 through 352

    0.2814    0.1870    0.1482    0.2354    0.1693    0.3159    0.1141    0.1213    0.1458    0.1515    0.3275

  Columns 353 through 363

    0.1543    0.2346    0.1325    0.0832    0.2714    0.1417    0.2524    0.2455    0.1898    0.1745    0.2919

  Columns 364 through 374

    0.2395    0.2257    0.3808    0.3556    0.2117    0.1718    0.3159    0.2821    0.3776    0.2564    0.3449

  Columns 375 through 385

    0.2199    0.2874    0.2926    0.2352    0.2129    0.2168    0.2951    0.2624    0.2102    0.1534    0.2654

  Columns 386 through 396

    0.1455    0.3726    0.2504    0.3884    0.2870    0.3034    0.3078    0.1438    0.3636    0.3729    0.3640

  Columns 397 through 407

    0.4136    0.3046    0.2539    0.2990    0.3554    0.3321    0.2221    0.2966    0.1568    0.2358    0.3041

  Columns 408 through 418

    0.2158    0.1395    0.3118    0.2732    0.3608    0.3127    0.3220    0.3030    0.2184    0.1582    0.2407

  Columns 419 through 429

    0.3678    0.2886    0.2803    0.2361    0.3551    0.3130    0.2558    0.1932    0.1037    0.2935    0.2195

  Columns 430 through 440

    0.2583    0.2612    0.3050    0.2682    0.2962    0.4191    0.3857    0.0972    0.2581    0.2232    0.1845

  Columns 441 through 451

    0.2773    0.1167    0.1471    0.2055    0.2431    0.1273    0.4306    0.1976    0.1412    0.2689    0.2223

  Columns 452 through 462

    0.1976    0.2521    0.2069    0.1772    0.2835    0.2064    0.2093    0.1726    0.1638    0.3169    0.2030

  Columns 463 through 473

    0.1870    0.2248    0.1996    0.1452    0.2953    0.1550    0.1684    0.2028    0.2832    0.1749    0.2955

  Columns 474 through 484

    0.1342    0.2192    0.0799    0.1911    0.1901    0.1078    0.0881    0.2128    0.0779    0.2316    0.1202

  Columns 485 through 495

    0.1690    0.2340    0.1747    0.1378    0.1538    0.1804    0.1697    0.1630    0.2385    0.2900    0.2609

  Columns 496 through 506

    0.0596    0.2060    0.2854    0.1412    0.2753    0.2802    0.2045    0.2128    0.1624    0.3115    0.2369

  Columns 507 through 517

    0.3090    0.2933    0.2809    0.2298    0.2110    0.2484    0.1198    0.1571    0.1941    0.2731    0.3861

  Columns 518 through 528

    0.3591    0.2257    0.1531    0.1880    0.2169    0.0873    0.2169    0.1012    0.0805    0.3672    0.1957

  Columns 529 through 539

    0.2459    0.1868    0.2015    0.2454    0.2520    0.1203    0.1504    0.2138    0.1459    0.2058    0.1382

  Columns 540 through 550

    0.1255    0.2121    0.1534    0.1771    0.1666    0.1771    0.1717    0.1357    0.1859    0.1906    0.1339

  Columns 551 through 554

    0.1088    0.1539    0.1522    0.0830

