 18-Mar-2012    Flux_IR5.m
Integrated particle flux (gC m^{-2} d^{-1})
depth(m)
 
+++++++++++++
IR5_ParticleSizeSpectra.xlsx
 
    depth             flux

ans =

  Columns 1 through 5

    2.6576    2.6576    2.7472    2.7472    2.9264

  Columns 6 through 10

    2.9264    3.2848    3.4640    3.4640    3.5536

  Columns 11 through 15

    3.5536    3.6432    3.8224    4.0016    4.0912

  Columns 16 through 20

    4.1808    4.3600    4.5392    4.5392    4.5392

  Columns 21 through 25

    4.8976    5.2560    5.2560    5.4352    5.8832

  Columns 26 through 30

    6.1520    6.3312    6.6000    6.6896    6.7792

  Columns 31 through 35

    7.2272    7.9440    7.9440    8.0336    8.1232

  Columns 36 through 40

    8.3920    9.1088    9.1984    9.2880    9.7360

  Columns 41 through 45

    9.8256   10.0944   10.1840   10.5424   10.9008

  Columns 46 through 50

   11.1696   11.2592   11.2592   11.3488   11.3488

  Columns 51 through 55

   11.3488   11.4384   11.4384   11.4384   11.4384

  Columns 56 through 60

   11.5280   11.5280   14.0368   15.8295   17.1738

  Columns 61 through 65

   18.9658   20.8474   22.7290   23.9834   24.7898

  Columns 66 through 70

   25.6858   28.8218   30.2554   31.4202   32.8538

  Columns 71 through 75

   34.3770   35.4522   37.0650   38.2298   39.5748

  Columns 76 through 80

   41.6356   43.9652   46.2948   48.0868   49.7892

  Columns 81 through 85

   51.9396   53.6420   55.7028   58.2116   60.1837

  Columns 86 through 90

   62.4238   64.2158   66.0078   68.5166   70.8462

  Columns 91 through 95

   72.9070   74.5198   76.9390   79.0003   80.7032

  Columns 96 through 100

   82.1368   84.4664   86.7064   88.4984   90.6488

  Columns 101 through 105

   93.1576   95.3080   97.1901  100.0578  102.3874

  Columns 106 through 110

  104.1794  106.5090  108.6594  110.8994  113.1394

  Columns 111 through 115

  115.7385  118.2476  120.6668  122.7276  124.8780

  Columns 116 through 120

  127.5660  129.7164  131.6884  134.1078  136.5270

  Columns 121 through 125

  138.4982  139.9318  142.9782  145.7558  147.7277

  Columns 126 through 130

  149.7888  152.1184  154.7168  156.9568  159.1072

  Columns 131 through 135

  160.9888  163.1400  165.1114  167.1722  168.9642

  Columns 136 through 140

  171.9210  173.9818  176.0428  178.4628  181.0612

  Columns 141 through 145

  183.0324  185.5412  187.8708  190.0213  192.3517

  Columns 146 through 150

  194.5918  196.2942  198.4446  200.7742  202.7454

  Columns 151 through 155

  204.8964  207.2264  209.1976  210.8104  213.8568

  Columns 156 through 160

  216.0968  217.7099  219.6818  222.4594  224.3410

  Columns 161 through 165

  226.1330  228.7314  231.3307  233.0332  235.0940

  Columns 166 through 170

  237.2444  239.0364  241.4556  243.6964  245.9366

  Columns 171 through 175

  248.1766  249.8790  252.0294  253.8214  255.6138

  Columns 176 through 180

  258.6608  260.5424  262.9616  265.2912  267.3526

  Columns 181 through 185

  269.5034  272.1914  274.7898  276.7610  279.0015

  Columns 186 through 190

  281.4212  283.9300  286.6180  288.6788  291.0989

  Columns 191 through 195

  293.8766  295.8478  297.9982  300.4174  302.2104

  Columns 196 through 200

  303.4648  305.2568  307.2280  309.2888  310.8120

  Columns 201 through 205

  312.4253  314.9346  317.1746  318.5186  320.5794

  Columns 206 through 210

  322.3716  324.5228  326.0460  328.6444  330.8844

  Columns 211 through 215

  332.4079  334.2902  336.2614  338.4118  340.1142

  Columns 216 through 220

  342.2647  344.6848  346.7456  348.5376  350.3296

  Columns 221 through 225

  352.5699  354.6314  356.8714  358.9322  360.9930

  Columns 226 through 230

  362.7852  364.4884  366.2804  368.3412  370.3124

  Columns 231 through 235

  372.8216  374.7934  377.0334  379.0942  380.7070

  Columns 236 through 240

  382.4997  385.0984  387.1592  388.9512  391.0121

  Columns 241 through 245

  393.4322  395.3138  396.9266  399.3458  401.9452

  Columns 246 through 250

  403.6476  405.5292  407.5004  409.1133  411.0854

  Columns 251 through 255

  413.0566  415.5654  417.3574  419.1500  420.7632

  Columns 256 through 260

  422.7344  424.8848  426.3184  428.6489  431.2474

  Columns 261 through 265

  433.2186  435.2794  437.0721  439.0436  441.0148

  Columns 266 through 270

  443.2548  445.1367  447.3774  449.6174  451.2302

  Columns 271 through 275

  453.3810  455.3528  457.9512  459.8328  461.3563

  Columns 276 through 280

  464.1346  466.0162    0.2435    0.2903    0.3041

  Columns 281 through 285

    0.0960    0.2608    0.0953    0.1559    0.1779

  Columns 286 through 290

    0.1236    0.0545    0.0282    0.1745    0.0995

  Columns 291 through 295

    0.1091    0.1297    0.1241    0.0818    0.0546

  Columns 296 through 300

    0.0734    0.2191    0.1571    0.0065    0.0546

  Columns 301 through 305

    0.2175    0.0199    0.0548    0.1557    0.1625

  Columns 306 through 310

    0.0596    0.0850    0.1036    0.0295    0.1117

  Columns 311 through 315

    0.1360    0.1379    0.0065    0.1644    0.1553

  Columns 316 through 320

    0.0133         0    0.0819    0.2437    0.1577

  Columns 321 through 325

    0.0065    0.1810    0.2046    0.2494    0.2313

  Columns 326 through 330

    0.1238    0.1294    0.0919    0.2582    0.1307

  Columns 331 through 335

    0.1593    0.0865    0.2326    0.1955    0.2031

  Columns 336 through 340

    0.2139    0.1276    0.1541    0.2024    0.2628

  Columns 341 through 345

    0.2980    0.2814    0.1870    0.1482    0.2354

  Columns 346 through 350

    0.1693    0.3159    0.1141    0.1213    0.1458

  Columns 351 through 355

    0.1515    0.3275    0.1543    0.2346    0.1325

  Columns 356 through 360

    0.0832    0.2714    0.1417    0.2524    0.2455

  Columns 361 through 365

    0.1898    0.1745    0.2919    0.2395    0.2257

  Columns 366 through 370

    0.3808    0.3556    0.2117    0.1718    0.3159

  Columns 371 through 375

    0.2821    0.3776    0.2564    0.3449    0.2199

  Columns 376 through 380

    0.2874    0.2926    0.2352    0.2129    0.2168

  Columns 381 through 385

    0.0147    0.0142    0.0103    0.0083    0.0124

  Columns 386 through 390

    0.0087    0.0155    0.0127    0.0170    0.0164

  Columns 391 through 395

    0.0148    0.0115    0.0057    0.0164    0.0191

  Columns 396 through 400

    0.0158    0.0177    0.0134    0.0149    0.0157

  Columns 401 through 405

    0.0156    0.0159    0.0120    0.0153    0.0087

  Columns 406 through 410

    0.0122    0.0103    0.0125    0.0089    0.0165

  Columns 411 through 415

    0.0149    0.0197    0.0156    0.0145    0.0162

  Columns 416 through 420

    0.0139    0.0086    0.0102    0.0160    0.0154

  Columns 421 through 425

    0.0121    0.0094    0.0196    0.0132    0.0131

  Columns 426 through 430

    0.1538    0.0861    0.2314    0.1743    0.2073

  Columns 431 through 435

    0.2141    0.2526    0.2006    0.2385    0.3334

  Columns 436 through 440

    0.3059    0.0799    0.2138    0.1794    0.1424

  Columns 441 through 445

    0.2276    0.0884    0.1171    0.1586    0.1875

  Columns 446 through 450

    0.1059    0.3450    0.1583    0.1158    0.2136

  Columns 451 through 455

    0.1854    0.1583    0.2078    0.1717    0.1431

  Columns 456 through 460

    0.2293    0.1549    0.1633    0.1374    0.1377

  Columns 461 through 465

    0.2547    0.1634    0.1539    0.1794    0.1658

  Columns 466 through 470

    0.1198    0.2252    0.1279    0.1399    0.1572

  Columns 471 through 475

    0.2267    0.1387    0.2318    0.1087    0.1777

  Columns 476 through 480

    0.0662    0.1452    0.1484    0.0777    0.0732

  Columns 481 through 485

    0.1615    0.0623    0.1689    0.0931    0.1396

  Columns 486 through 490

    0.1835    0.1320    0.1095    0.1303    0.1543

  Columns 491 through 495

    0.1402    0.1313    0.1922    0.2328    0.2013

  Columns 496 through 500

    0.0514    0.1711    0.2218    0.1216    0.2171

  Columns 501 through 505

    0.2255    0.1646    0.1681    0.1308    0.2273

  Columns 506 through 510

    0.1884    0.2342    0.2437    0.2122    0.1817

  Columns 511 through 515

    0.1746    0.1851    0.0930    0.1218    0.1606

  Columns 516 through 520

    0.2157    0.2907    0.2810    0.1687    0.1266

  Columns 521 through 525

    0.1405    0.1659    0.0691    0.1659    0.0821

  Columns 526 through 530

    0.0672    0.2655    0.1579    0.1796    0.1473

  Columns 531 through 535

    0.1631    0.1845    0.1977    0.0852    0.1156

  Columns 536 through 540

    0.1507    0.1133    0.1591    0.1003    0.1021

  Columns 541 through 545

    0.1679    0.1166    0.1400    0.1352    0.1356

  Columns 546 through 550

    0.1314    0.0998    0.1506    0.1455    0.1090

  Columns 551 through 553

    0.0916    0.1207    0.1269

