 18-Mar-2012    Flux_IR7.m
Integrated particle flux (gC m^{-2} d^{-1})
depth(m)
 
+++++++++++++
IR7_ParticleSizeSpectra.xlsx
 
    depth             flux

ans =

  Columns 1 through 11

    2.5680    2.5680    2.5680    2.5680    2.5680    2.5680    2.6576    2.6576    2.7472    3.1056    3.4640

  Columns 12 through 22

    3.4640    3.7328    3.7328    3.8224    4.0912    4.2704    4.3600    4.8080    5.2560    5.2560    5.3456

  Columns 23 through 33

    5.7936    5.8832    6.1520    6.5104    6.6000    6.9584    7.0480    7.4960    7.7648    8.0336    8.1232

  Columns 34 through 44

    8.4816    8.7504    9.0192    9.3776    9.5568    9.9152    9.9152   10.1840   10.3632   10.9008   10.9904

  Columns 45 through 55

   11.2592   11.2592   11.2592   11.5280   11.5280   11.5280   11.5280   11.6176   13.6784   15.2915   16.7258

  Columns 56 through 66

   18.5178   19.9514   21.5642   23.2666   24.3418   25.2378   28.3738   30.5242   31.9578   33.7498   35.3626

  Columns 67 through 77

   37.0650   38.7678   40.8292   42.8900   44.4132   45.9364   47.5492   49.4308   51.2228   52.7460   54.2692

  Columns 78 through 88

   56.5092   58.3908   59.8252   61.7070   63.5886   65.1118   66.7246   68.5166   70.7566   72.7278   74.4302

  Columns 89 through 99

   76.0430   77.9246   79.7174   81.2408   82.7640   85.0040   86.7064   88.4984   90.2904   92.3512   94.1432

  Columns 100 through 110

   95.5768   97.6383   99.8786  101.7602  103.3730  105.1650  106.8674  108.5698  110.1826  112.1538  114.4835

  Columns 111 through 121

  116.1868  117.8892  119.7708  121.3836  123.4444  124.9676  126.9388  128.9996  130.6126  132.3158  133.9286

  Columns 122 through 132

  136.0790  137.6918  139.1254  141.1862  143.4262  145.6662  147.1898  149.0720  150.2368  151.8496  153.2832

  Columns 133 through 143

  155.1648  156.7776  158.4800  159.9136  161.4368  162.9607  164.3946  166.0970  167.6202  169.0538  170.7562

  Columns 144 through 154

  172.7274  174.0714  175.6842  177.0288  178.7316  180.3444  181.5988  183.3908  185.4516  186.8852  188.2292

  Columns 155 through 165

  189.7524  191.5451  193.4270  194.8606  196.1150  197.5486  199.4302  201.1326  202.7454  204.2690  205.9720

  Columns 166 through 176

  207.5848  209.0184  210.6312  212.0648  214.3944  216.0072  217.2616  218.7857  220.4882  222.0114  223.3554

  Columns 177 through 187

  224.8786  226.3122  228.4626  230.1653  231.4204  233.1228  234.7356  236.2588  237.8716  239.2156  241.0076

  Columns 188 through 198

  242.7999  244.5030  245.8470  247.3702  248.8934  250.6854  252.0294  253.4630  254.5382  256.3310  258.7504

  Columns 199 through 209

  260.1840  262.1552  263.6784  265.2912  266.9939  268.4282  270.2202  271.9226  273.6250  275.0586  276.4922

  Columns 210 through 220

  278.1050  279.7187  281.2420  282.7652  284.5572  286.6180  287.9620  289.5751  291.0990  292.7118  294.2350

  Columns 221 through 231

  295.9374  297.1918  298.8046  301.0450  302.3000  303.9128  305.5256  307.0488  308.7512  310.1848  311.4392

  Columns 232 through 242

  313.2321  315.2034  316.7266  318.4290  320.2210  321.9234  323.3579  324.7916  326.2252  328.1964  329.9884

  Columns 243 through 253

  331.5116  332.9458  334.3798  336.3510  337.6950  339.3078  340.6518  342.6230  344.7744  346.1184  347.4624

  Columns 254 through 264

  349.0752  350.8672  352.2112  353.6455  355.1690  357.2298  358.6634  360.3658  361.6202  363.2335  364.7572

  Columns 265 through 275

  366.3700  367.7140  368.8788  370.8500  372.9113  374.6142  376.1374  377.5710  379.1838  380.7966  382.2309

  Columns 276 through 286

  383.7544  385.7256  387.8760  389.3096  390.9224  392.4464  394.0594  395.5826  396.9266  398.8978  400.7798

  Columns 287 through 297

  402.3932  403.7372  405.0812  406.7836  408.4860  409.9202  411.4438    0.0634    0.0527    0.0435    0.0421

  Columns 298 through 308

    0.0312    0.0447    0.0280    0.0492    0.0761    0.0474    0.0202    0.0589    0.0112    0.0277    0.0586

  Columns 309 through 319

    0.0862    0.0287    0.0081    0.0314    0.0613    0.0743    0.0372    0.0455    0.0481    0.0298    0.0470

  Columns 320 through 330

    0.0659    0.0400    0.0420    0.0541    0.0911    0.0823    0.0604    0.0406    0.1118    0.0912    0.0174

  Columns 331 through 341

    0.0427    0.0677    0.0328    0.0113    0.0572    0.0806    0.0730    0.0145    0.0979    0.0922    0.0909

  Columns 342 through 352

    0.0778    0.0842    0.0960    0.1140    0.0793    0.0545    0.0943    0.0730    0.0765    0.0857    0.0820

  Columns 353 through 363

    0.0676    0.0651    0.0855    0.0760    0.0882    0.1077    0.0888    0.0823    0.0839    0.0831    0.0611

  Columns 364 through 374

    0.0828    0.0608    0.0653    0.0406    0.0779    0.1001    0.0802    0.0862    0.1022    0.0938    0.0573

  Columns 375 through 385

    0.1140    0.1146    0.1096    0.0844    0.0775    0.1042    0.0722    0.0727    0.0889    0.0848    0.0517

  Columns 386 through 396

    0.0950    0.1118    0.1216    0.0565    0.0548    0.0665    0.0410    0.1090    0.1137    0.0344    0.0729

  Columns 397 through 407

    0.1125    0.0952    0.0329    0.1056    0.0713    0.0615    0.0991    0.0942    0.0633    0.0520    0.0678

  Columns 408 through 418

    0.0830    0.0700    0.0637    0.0576    0.0579    0.0729    0.0708    0.0563    0.0829    0.0782    0.0682

  Columns 419 through 429

    0.1047    0.0761    0.0884    0.0879    0.0744    0.0433    0.0553    0.0785    0.0993    0.0812    0.0554

  Columns 430 through 440

    0.0532    0.0822    0.0861    0.0647    0.0842    0.0926    0.0591    0.1031    0.0588    0.0835    0.0683

  Columns 441 through 451

    0.0880    0.0812    0.0688    0.1001    0.0721    0.0800    0.0773    0.1038    0.0458    0.0640    0.0814

  Columns 452 through 462

    0.0750    0.1122    0.0613    0.1060    0.1017    0.1246    0.0388    0.0796    0.0902    0.0909    0.0564

  Columns 463 through 473

    0.0655    0.1162    0.1076    0.0800    0.0868    0.1091    0.1239    0.0949    0.0827    0.1074    0.0477

  Columns 474 through 484

    0.0833    0.0491    0.1168    0.1114    0.0626    0.0851    0.0842    0.0885    0.0765    0.0865    0.1302

  Columns 485 through 495

    0.0739    0.1080    0.0975    0.0550    0.1250    0.0790    0.1032    0.0622    0.0512    0.0995    0.0974

  Columns 496 through 506

    0.0965    0.0613    0.0706    0.1033    0.0641    0.0947    0.0962    0.0597    0.0703    0.0453    0.0568

  Columns 507 through 517

    0.0426    0.0672    0.0466    0.0476    0.0704    0.0704    0.0803    0.0346    0.0721    0.0664    0.0627

  Columns 518 through 528

    0.0889    0.0490    0.0581    0.0688    0.0639    0.0574    0.0545    0.0087    0.0562    0.0514    0.0642

  Columns 529 through 539

    0.0466    0.0572    0.0594    0.0724    0.0336    0.0712    0.0497    0.0293    0.1041    0.0721    0.0777

  Columns 540 through 550

    0.0843    0.0564    0.1017    0.0575    0.0669    0.0525    0.0895    0.0669    0.0627    0.0574    0.0592

  Columns 551 through 561

    0.0639    0.1098    0.0742    0.0807    0.0737    0.0938    0.0821    0.0626    0.1038    0.0416    0.0810

  Columns 562 through 572

    0.0400    0.0563    0.0777    0.0705    0.0571    0.1405    0.0716    0.0506    0.0495    0.0479    0.0679

  Columns 573 through 583

    0.1270    0.0926    0.0689    0.0777    0.0802    0.0389    0.0590    0.0792    0.0486    0.0829    0.0549

  Columns 584 through 586

    0.0602    0.0381    0.0395

