 18-Mar-2012    Flux_IR7.m
Integrated particle flux (gC m^{-2} d^{-1})
depth(m)
 
+++++++++++++
IR7_ParticleSizeSpectra.xlsx
 
    depth             flux

ans =

  Columns 1 through 5

    2.5680    2.5680    2.5680    2.5680    2.5680

  Columns 6 through 10

    2.5680    2.6576    2.6576    2.7472    3.1056

  Columns 11 through 15

    3.4640    3.4640    3.7328    3.7328    3.8224

  Columns 16 through 20

    4.0912    4.2704    4.3600    4.8080    5.2560

  Columns 21 through 25

    5.2560    5.3456    5.7936    5.8832    6.1520

  Columns 26 through 30

    6.5104    6.6000    6.9584    7.0480    7.4960

  Columns 31 through 35

    7.7648    8.0336    8.1232    8.4816    8.7504

  Columns 36 through 40

    9.0192    9.3776    9.5568    9.9152    9.9152

  Columns 41 through 45

   10.1840   10.3632   10.9008   10.9904   11.2592

  Columns 46 through 50

   11.2592   11.2592   11.5280   11.5280   11.5280

  Columns 51 through 55

   11.5280   11.6176   13.6784   15.2915   16.7258

  Columns 56 through 60

   18.5178   19.9514   21.5642   23.2666   24.3418

  Columns 61 through 65

   25.2378   28.3738   30.5242   31.9578   33.7498

  Columns 66 through 70

   35.3626   37.0650   38.7678   40.8292   42.8900

  Columns 71 through 75

   44.4132   45.9364   47.5492   49.4308   51.2228

  Columns 76 through 80

   52.7460   54.2692   56.5092   58.3908   59.8252

  Columns 81 through 85

   61.7070   63.5886   65.1118   66.7246   68.5166

  Columns 86 through 90

   70.7566   72.7278   74.4302   76.0430   77.9246

  Columns 91 through 95

   79.7174   81.2408   82.7640   85.0040   86.7064

  Columns 96 through 100

   88.4984   90.2904   92.3512   94.1432   95.5768

  Columns 101 through 105

   97.6383   99.8786  101.7602  103.3730  105.1650

  Columns 106 through 110

  106.8674  108.5698  110.1826  112.1538  114.4835

  Columns 111 through 115

  116.1868  117.8892  119.7708  121.3836  123.4444

  Columns 116 through 120

  124.9676  126.9388  128.9996  130.6126  132.3158

  Columns 121 through 125

  133.9286  136.0790  137.6918  139.1254  141.1862

  Columns 126 through 130

  143.4262  145.6662  147.1898  149.0720  150.2368

  Columns 131 through 135

  151.8496  153.2832  155.1648  156.7776  158.4800

  Columns 136 through 140

  159.9136  161.4368  162.9607  164.3946  166.0970

  Columns 141 through 145

  167.6202  169.0538  170.7562  172.7274  174.0714

  Columns 146 through 150

  175.6842  177.0288  178.7316  180.3444  181.5988

  Columns 151 through 155

  183.3908  185.4516  186.8852  188.2292  189.7524

  Columns 156 through 160

  191.5451  193.4270  194.8606  196.1150  197.5486

  Columns 161 through 165

  199.4302  201.1326  202.7454  204.2690  205.9720

  Columns 166 through 170

  207.5848  209.0184  210.6312  212.0648  214.3944

  Columns 171 through 175

  216.0072  217.2616  218.7857  220.4882  222.0114

  Columns 176 through 180

  223.3554  224.8786  226.3122  228.4626  230.1653

  Columns 181 through 185

  231.4204  233.1228  234.7356  236.2588  237.8716

  Columns 186 through 190

  239.2156  241.0076  242.7999  244.5030  245.8470

  Columns 191 through 195

  247.3702  248.8934  250.6854  252.0294  253.4630

  Columns 196 through 200

  254.5382  256.3310  258.7504  260.1840  262.1552

  Columns 201 through 205

  263.6784  265.2912  266.9939  268.4282  270.2202

  Columns 206 through 210

  271.9226  273.6250  275.0586  276.4922  278.1050

  Columns 211 through 215

  279.7187  281.2420  282.7652  284.5572  286.6180

  Columns 216 through 220

  287.9620  289.5751  291.0990  292.7118  294.2350

  Columns 221 through 225

  295.9374  297.1918  298.8046  301.0450  302.3000

  Columns 226 through 230

  303.9128  305.5256  307.0488  308.7512  310.1848

  Columns 231 through 235

  311.4392  313.2321  315.2034  316.7266  318.4290

  Columns 236 through 240

  320.2210  321.9234  323.3579  324.7916  326.2252

  Columns 241 through 245

  328.1964  329.9884  331.5116  332.9458  334.3798

  Columns 246 through 250

  336.3510  337.6950  339.3078  340.6518  342.6230

  Columns 251 through 255

  344.7744  346.1184  347.4624  349.0752  350.8672

  Columns 256 through 260

  352.2112  353.6455  355.1690  357.2298  358.6634

  Columns 261 through 265

  360.3658  361.6202  363.2335  364.7572  366.3700

  Columns 266 through 270

  367.7140  368.8788  370.8500  372.9113  374.6142

  Columns 271 through 275

  376.1374  377.5710  379.1838  380.7966  382.2309

  Columns 276 through 280

  383.7544  385.7256  387.8760  389.3096  390.9224

  Columns 281 through 285

  392.4464  394.0594  395.5826  396.9266  398.8978

  Columns 286 through 290

  400.7798  402.3932  403.7372  405.0812  406.7836

  Columns 291 through 295

  408.4860  409.9202  411.4438    0.0004    0.0005

  Columns 296 through 300

    0.0003    0.0003    0.0002    0.0002    0.0002

  Columns 301 through 305

    0.0003    0.0006    0.0003    0.0001    0.0003

  Columns 306 through 310

    0.0001    0.0003    0.0004    0.0006    0.0001

  Columns 311 through 315

    0.0001    0.0001    0.0004    0.0006    0.0004

  Columns 316 through 320

    0.0002    0.0004    0.0002    0.0003    0.0005

  Columns 321 through 325

    0.0003    0.0002    0.0004    0.0006    0.0007

  Columns 326 through 330

    0.0004    0.0003    0.0009    0.0007    0.0001

  Columns 331 through 335

    0.0003    0.0005    0.0001    0.0001    0.0005

  Columns 336 through 340

    0.0008    0.0005    0.0001    0.0008    0.0007

  Columns 341 through 345

    0.0006    0.0005    0.0006    0.0008    0.0006

  Columns 346 through 350

    0.0004    0.0004    0.0006    0.0004    0.0005

  Columns 351 through 355

    0.0006    0.0006    0.0005    0.0005    0.0007

  Columns 356 through 360

    0.0006    0.0007    0.0010    0.0008    0.0006

  Columns 361 through 365

    0.0005    0.0005    0.0002    0.0006    0.0004

  Columns 366 through 370

    0.0005    0.0003    0.0005    0.0005    0.0005

  Columns 371 through 375

    0.0006    0.0005    0.0008    0.0003    0.0009

  Columns 376 through 380

    0.0007    0.0007    0.0005    0.0003    0.0006

  Columns 381 through 385

    0.0005    0.0005    0.0005    0.0006    0.0004

  Columns 386 through 390

    0.0006    0.0007    0.0006    0.0005    0.0004

  Columns 391 through 395

    0.0006    0.0002    0.0007    0.0006    0.0009

  Columns 396 through 400

    0.0026    0.0033    0.0027    0.0014    0.0033

  Columns 401 through 405

    0.0018    0.0018    0.0025    0.0029    0.0018

  Columns 406 through 410

    0.0016    0.0018    0.0027    0.0026    0.0018

  Columns 411 through 415

    0.0019    0.0017    0.0019    0.0020    0.0018

  Columns 416 through 420

    0.0026    0.0022    0.0023    0.0029    0.0020

  Columns 421 through 425

    0.0024    0.0028    0.0024    0.0012    0.0015

  Columns 426 through 430

    0.0023    0.0027    0.0024    0.0013    0.0018

  Columns 431 through 435

    0.0021    0.0027    0.0023    0.0024    0.0027

  Columns 436 through 440

    0.0020    0.0029    0.0017    0.0025    0.0019

  Columns 441 through 445

    0.0028    0.0024    0.0021    0.0033    0.0021

  Columns 446 through 450

    0.0020    0.0025    0.0035    0.0016    0.0023

  Columns 451 through 455

    0.0030    0.0023    0.0034    0.0613    0.1060

  Columns 456 through 460

    0.1017    0.1246    0.0388    0.0796    0.0902

  Columns 461 through 465

    0.0909    0.0564    0.0655    0.1162    0.1076

  Columns 466 through 470

    0.0800    0.0868    0.1091    0.1239    0.0949

  Columns 471 through 475

    0.0827    0.1074    0.0477    0.0833    0.0491

  Columns 476 through 480

    0.1168    0.1114    0.0626    0.0851    0.0842

  Columns 481 through 485

    0.0885    0.0765    0.0865    0.1302    0.0739

  Columns 486 through 490

    0.1080    0.0975    0.0550    0.1250    0.0790

  Columns 491 through 495

    0.1032    0.0622    0.0512    0.0995    0.0974

  Columns 496 through 500

    0.0965    0.0613    0.0706    0.1033    0.0641

  Columns 501 through 505

    0.0947    0.0962    0.0597    0.0703    0.0453

  Columns 506 through 510

    0.0568    0.0426    0.0672    0.0466    0.0476

  Columns 511 through 515

    0.0704    0.0704    0.0803    0.0346    0.0721

  Columns 516 through 520

    0.0664    0.0627    0.0889    0.0490    0.0581

  Columns 521 through 525

    0.0688    0.0639    0.0574    0.0545    0.0087

  Columns 526 through 530

    0.0562    0.0514    0.0642    0.0466    0.0572

  Columns 531 through 535

    0.0594    0.0724    0.0336    0.0712    0.0497

  Columns 536 through 540

    0.0293    0.1041    0.0721    0.0777    0.0843

  Columns 541 through 545

    0.0564    0.1017    0.0575    0.0669    0.0525

  Columns 546 through 550

    0.0895    0.0669    0.0627    0.0574    0.0592

  Columns 551 through 555

    0.0639    0.1098    0.0742    0.0807    0.0737

  Columns 556 through 560

    0.0938    0.0821    0.0626    0.1038    0.0416

  Columns 561 through 565

    0.0810    0.0400    0.0563    0.0777    0.0705

  Columns 566 through 570

    0.0571    0.1405    0.0716    0.0506    0.0495

  Columns 571 through 575

    0.0479    0.0679    0.1270    0.0926    0.0689

  Columns 576 through 580

    0.0777    0.0802    0.0389    0.0590    0.0792

  Columns 581 through 585

    0.0486    0.0829    0.0549    0.0602    0.0381

  Column 586

    0.0395

